84
11584 13985 32275 28456 12055 14706 28887 26741 1191 20896 17913 22359 6001 31797 6561 27999 144 9326 18033 1471 11585 17960 20001 31581 11426 5269 13670 9510 2746 31027 22297 27813 23738 32511 29333 13012 25218 32230 31073 30514 24935 6780 24591 29973 7220 28144 30307 11074 3182 27200 2744 443 16605 20137 23712 472 1351 16482 8907 21657 14207 23433 10282 31547 28063 20574 17491 30217 20881 24751 13096 19829 21972 20883 4019 12647 10108 9563 30293 8917 379 12742 4640 23444
96
26228 6529 26734 31709 22429 32290 10612 9805 24835 21518 11413 31861 29989 13335 5744 843 27830 7541 3431 7028 27213 6831 23285 27986 9822 11711 14145 22078 14185 18289 29427 15122 10865 19980 29510 25579 32688 30516 13406 17709 24457 30991 17885 22983 7102 22183 30129 29368 20707 19343 7471 8146 15379 6858 17510 5565 6369 17640 4013 13632 7057 26994 11135 6076 23433 22408 10889 17657 16898 4553 2560 30245 20739 18803 20536 2586 22160 5323 31091 3808 24607 25792 9975 1139 587 32203 17507 15558 18636 30745 5954 32007 25255 2796 27873 17445
26
10047 23134 23184 3067 9641 17154 3904 21337 2947 6352 17912 7171 11085 2910 15052 4432 9294 6372 7905 23647 1403 13715 29300 9735 6042 32040
13
29969 4775 8896 7509 15525 17015 4846 5175 12035 24219 31755 23171 10356
35
12493 31208 18047 10996 6427 19843 32607 22914 9504 30883 19893 18338 30367 15055 17531 1971 13446 17674 7993 15211 15557 29781 8827 17017 10336 5494 24706 15464 21955 5624 13882 25031 27991 18035 5228
55
5202 4621 26933 26532 16851 20289 15799 11784 27182 3551 23566 16556 29828 1620 4485 5120 11928 3628 24842 21645 13021 13781 14816 4824 29908 29606 1684 26250 26516 31 10290 19663 29354 18291 12728 17916 10532 5187 30667 30324 30441 22445 18601 20172 14412 12933 24671 32557 28640 9186 27964 14842 3725 221 14469
83
483 6549 18282 15898 31919 12151 2105 13460 11724 8380 24530 32721 22844 27954 11099 12975 1911 30784 2613 21084 16131 11300 1070 13243 31813 25216 24568 18442 23447 13845 15834 7361 10651 8654 19109 4797 19918 4352 7914 4253 17248 17648 7786 13421 5187 13206 27598 18562 2690 17312 17560 32676 3028 2490 22874 15475 21361 27405 30245 26627 32292 18693 3909 7114 7329 6744 1579 8892 16410 5444 15019 5556 13581 20248 15464 5910 24672 29941 12428 29106 29359 470 16316
16
26085 5582 8267 30746 30985 21137 4269 5934 7771 24886 22063 10901 4000 1339 5094 16479
30
24778 3557 19615 2171 20026 11443 28437 1979 29401 21757 15370 13992 28393 26503 3196 22622 20200 32104 6523 29880 8725 13431 26323 10341 23087 8193 16619 15166 22656 12733
73
28886 19482 12033 4647 18259 17761 1589 6066 6269 8905 6281 2385 20757 15073 19427 14491 12904 26513 31003 10077 21028 22175 2667 31802 19561 17272 24097 10900 23587 32302 16791 20912 19864 25533 6245 5908 32573 11154 981 52 25806 11854 7832 3918 16541 2503 8375 10131 1835 17999 32716 31879 8437 24890 24433 4266 32400 24730 26105 1880 13048 21581 18782 19950 2086 26682 10363 24622 16864 27607 1147 11237 725
23
28306 22474 2025 29602 15851 29098 11726 1453 25057 18370 29908 9963 9329 29037 30466 10524 28911 19199 1125 11494 29433 26864 22952
93
8618 17981 9445 25911 2831 12811 19643 564 29663 16525 11681 1146 8038 17193 16761 29744 21443 3030 25961 188 28243 32713 12774 18566 7277 15696 6417 19967 3152 22782 16199 15843 10841 30216 16883 27323 15994 15855 24743 8613 32231 31583 15468 15447 25874 23640 8534 5218 28122 8075 3675 15284 30207 12551 28516 7777 27098 31252 15781 29091 1867 26719 31274 5151 19698 28760 14003 17257 27042 3801 8386 19147 16402 3592 17138 3906 21206 4478 28810 7370 11406 11689 3922 6363 6238 3694 13222 15924 16030 28947 17096 17879 31186
45
3963 24917 30684 2549 9421 10827 31600 30736 13108 11053 20937 21071 21468 25922 20634 19172 5696 30704 28744 13559 3064 19770 22102 13640 18129 28551 25633 26133 32035 27813 7629 29246 18527 27149 32127 27559 12776 20073 1740 24798 548 9299 11890 30206 1490
52
27206 1235 15774 17501 32110 2110 11250 472 21712 22235 13584 11747 1994 28898 17758 31764 20772 25931 12800 9936 5187 4662 1964 21193 17055 17545 15290 19398 13687 31451 29563 32419 20419 20369 21964 21656 31850 20038 6891 21438 23733 14449 20105 10446 15107 32065 30752 32300 5567 26828 7558 17445
60
20073 21443 20085 2511 12890 21024 27405 10814 13999 15232 22035 21751 20326 4595 12073 31138 471 2185 21490 23275 13136 10084 17362 29492 19196 30225 28918 4486 11017 8217 8853 17102 17673 18386 19573 23366 19865 31611 32688 13361 21313 136 22712 29131 15516 26939 3737 25984 29113 10356 1918 24668 13504 6090 5751 2499 28121 9178 18041 3682
33
4831 22183 15205 28382 6532 19407 23018 19854 12790 15160 24246 20059 26940 12955 16935 25466 5835 24943 5226 16563 12885 26473 8686 15883 15331 27716 15385 19873 27171 25790 31289 2262 4867
67
1725 6320 638 16269 19621 32129 13238 812 6455 31171 8260 963 1524 9287 6604 18995 16074 25999 25044 24764 30859 25720 29654 17601 11166 9755 13715 9675 26357 25846 427 5585 20286 25415 16491 3767 7774 15545 742 28948 14107 31554 21575 24632 8472 29516 13669 8046 263 11027 30360 21630 24858 20814 25548 21366 23994 1809 30419 22442 2684 242 1024 19962 9041 17259 5361
3
24061 32383 26028
13
28618 19616 14318 20483 7037 22737 28863 27559 23433 12296 13386 6071 31875
54
29676 32748 15318 21577 8843 15459 16056 28434 809 13797 30044 483 17848 8043 15977 18971 26160 10465 24236 15269 480 20267 8457 28957 5889 28006 12984 26421 25233 29552 4014 1880 20575 26026 4952 17805 12642 2556 399 21917 11342 26138 7113 15224 7273 29446 5772 15061 21147 10711 809 27161 27845 19896
22
27770 14164 5939 20220 5988 19734 9392 899 1819 26956 21560 5546 26275 8192 27263 29931 28381 28825 11042 20734 24818 26284
65
24909 32756 15637 16096 16553 19907 14151 12211 12603 3886 9440 3991 23741 23387 17281 23679 25834 14953 29404 20255 22578 5971 28430 31731 24243 2328 1328 1412 13157 14105 30248 17383 15764 23746 31685 1414 24212 12396 9228 19747 18352 12674 30412 12569 27747 8675 6521 16357 25803 11912 25910 3558 21594 2919 9012 20577 10447 1687 25403 10696 17764 22196 8326 2876 28233
73
10452 20304 2130 12252 31164 29200 237 16318 2113 2626 29270 11716 9894 26603 22542 1217 31876 31765 26505 19109 17689 28112 24870 23970 18403 119 28005 11405 16237 12084 23125 20102 8810 8646 19787 15835 768 24194 15577 14890 30822 23960 18174 5574 18097 24984 14235 29276 14571 14645 21286 12503 24934 20040 14754 6272 13391 9752 30159 31082 12422 14040 3230 19981 2733 13937 8423 8241 3712 18050 32606 13582 10852
13
9924 17585 22850 11765 8282 16545 24213 6349 15515 28099 2242 24530 2090
83
28073 27443 3338 21012 21881 7471 13325 14946 18376 31448 23183 28837 28387 21015 28771 22705 17762 241 12814 31052 16896 16904 21299 19672 30122 8805 11599 1330 20438 1140 18087 18137 32022 21584 17790 8019 5101 20801 9098 15052 993 4228 13737 7425 31441 7498 23505 24924 13449 23042 27973 18016 26772 1755 13583 2120 19025 4485 4778 20203 20298 4664 4863 13027 12224 6648 5523 7662 21899 13847 20990 2708 11553 19707 20895 26379 3316 14370 12686 8023 9985 16226 16594
89
14501 22902 20180 30778 27827 21942 15892 30392 9157 21286 12059 29665 5839 10418 22449 24239 2042 8888 23119 30979 30127 14791 12759 25740 1009 9895 1411 30442 4081 30617 31003 6419 8668 2783 19820 13814 12536 4735 25845 31839 28143 1349 227 30747 1899 8455 19008 18012 7394 25132 31591 26975 21428 5231 15803 32587 17011 24801 3992 24669 9857 32045 18058 26690 6113 24608 445 28356 12103 8041 8373 13225 21105 23197 4671 16856 6842 22398 4008 3518 2541 13180 6188 21232 343 20092 16561 29970 12064
9
11190 26615 26075 32424 15750 25353 4699 4673 24753
80
17352 2043 28348 17502 31219 31030 4376 26466 11751 21663 11857 16797 18625 18863 14216 16640 31937 3445 27171 22439 13472 23702 22979 11777 3364 24210 22134 16434 3315 20040 815 27317 3749 3005 12403 10822 4380 31513 20308 4863 25112 21746 4259 17089 22278 19405 1122 21205 2073 10978 19832 3283 16796 21024 15784 26307 8071 13169 28100 2691 1872 13631 9758 27753 29699 7735 11072 13608 18581 28237 17117 760 7286 18688 1287 17905 13925 21727 19873 15288
32
13388 25112 20062 18620 31616 8014 23173 25642 18383 17367 8389 1307 23597 10856 26190 7181 26354 2188 2254 21765 21722 1433 2453 1576 21840 15843 21495 27781 29676 1583 17137 11062
50
875 10768 16551 5309 27292 25999 26165 6707 32023 13759 3579 19483 5364 27052 29416 16757 21952 7422 28437 9417 21874 3357 3158 21098 20896 18841 784 11260 17651 17352 6986 17716 28889 433 9222 19935 12153 30760 29905 23846 8684 20539 11673 528 3754 7117 10431 15688 1090 15745
57
18465 5199 2010 24618 19671 15015 22432 1963 29720 17621 11653 19436 27586 19914 2824 29056 19183 8655 5786 8998 30511 7870 19199 29596 28436 25714 13816 12728 7668 27004 2591 17076 7402 18455 2066 30410 1310 22367 723 3072 14150 25789 879 21318 15469 8614 20446 11198 9203 6533 22827 18523 726 17397 21717 29613 30767
44
1396 17915 23296 16084 30367 403 29996 6836 12302 2398 28615 27183 9212 9655 21648 10131 23759 2941 18620 22485 11771 22887 25846 4739 27684 32664 20131 17913 28803 17780 30314 3032 27530 25009 8180 8628 19147 22705 5872 23053 13846 5391 13659 6529
93
28280 7934 13375 25837 4796 22072 16319 22311 1316 3581 11441 4045 10247 23839 15667 29905 1176 14028 11078 23938 17666 19545 4995 8809 5303 15421 30730 25713 23300 12897 28604 20300 1002 23959 21930 23313 19241 24167 3276 20778 15773 4882 11255 6253 25805 25809 9737 3209 20674 31326 16999 25764 29717 29621 31145 27970 1612 4892 2707 6505 24679 30561 23367 12035 1973 19299 31418 4739 23276 3795 22117 30155 5497 23612 30781 28237 7445 20545 24804 13937 19865 30247 21025 7735 14099 23955 7566 28446 537 15764 19344 18244 28253
59
11916 12238 8066 5994 13912 29322 11310 18692 6128 29395 9057 17796 7531 3510 31749 15864 12845 17747 8902 21295 32605 15237 6691 1400 11418 16325 24773 20909 6377 29771 4624 8048 8178 20087 29945 25781 16237 30320 27927 8833 12503 18955 508 7920 19305 1774 28869 125 16970 24565 31728 11902 4868 468 28014 6894 14389 19198 32505
95
29831 15046 7336 10127 18913 23492 13761 19019 28895 11643 4046 25810 25728 20792 20467 11403 22047 32317 11902 7768 7589 287 2240 6429 31228 19053 17692 380 13767 20626 15709 21219 1104 18685 9036 16841 10945 31871 4995 21300 18840 15092 19068 3455 23125 12837 12269 9818 13685 11245 11352 21010 13476 30619 31965 6163 17711 664 31060 20651 32440 25674 152 12304 4653 24887 32549 677 9467 10606 17382 32377 27774 22051 5960 19984 7612 27289 18579 14439 1364 23621 9594 2610 23473 26160 4081 9320 10627 11165 9790 21505 20592 28140 12627
71
3078 22974 19803 12971 32501 12122 147 16161 8315 19023 13403 3086 7711 19547 17549 697 1442 28556 6413 26944 19251 17317 32161 11044 32738 23235 11267 2824 19543 10560 15413 8630 964 7384 28437 20067 25368 12042 1841 31796 20598 30401 9180 24833 12005 32052 21122 6488 6729 23051 19000 17861 8082 23235 1431 3408 17715 14675 11979 10568 30677 9744 4583 24127 12109 10446 2427 1622 24524 7496 6505
83
2902 20162 11252 6767 1910 30444 9498 1101 19247 9226 16420 10824 22837 19026 27515 8180 6750 1173 5821 5704 15443 18466 10000 20130 26763 4072 1463 16139 26490 17114 31971 19388 1029 22936 22219 14818 17210 1867 29438 16287 17470 27088 17912 21841 23686 1306 30452 11286 17482 3537 4098 28048 26423 18239 29785 10469 11621 30829 4334 4362 20616 15497 31558 28738 4458 12939 29320 29921 24985 20505 30422 15190 21852 23463 27357 14696 29164 20962 29611 28352 11233 14927 2753
24
10731 12079 30314 5906 8130 7335 7243 18652 21856 31517 25146 13650 11885 2277 4436 13557 17915 18205 28489 23419 29299 15829 507 32022
71
19316 12616 6393 24074 854 15139 19737 6613 24506 11754 14128 1420 19164 23795 26376 5224 17246 873 17910 31222 8172 2390 6052 14280 13856 7936 30740 13162 26787 8825 31458 26775 24726 882 20426 2989 30256 6480 4201 12383 3240 8066 6984 18602 25941 19473 8214 4106 11796 13432 16693 14061 20202 29879 28281 25192 15082 19619 23852 21545 18521 10112 16725 20141 21521 16849 11321 2483 13347 24943 13347
84
15808 21465 18785 30468 25178 9931 23695 11949 10246 20242 14872 19514 293 12702 16121 21827 18243 17113 19144 13464 23871 12343 4853 20599 15532 18446 15185 20738 29304 5033 22476 10991 20171 22424 15235 17026 19506 28233 14586 15032 29181 12509 14245 17606 13798 25140 17070 961 8435 20554 29938 22687 15261 8135 26189 10846 1329 30161 32279 32387 31351 29733 20206 30150 28562 15206 24502 268 16679 26548 1503 25237 8385 15233 13542 20343 116 27808 26399 17739 25025 18335 945 26662
2
7511 26082
47
27750 11969 27029 21278 10599 2828 8464 13532 9178 5100 6147 11402 29567 7220 18374 14507 7450 21671 8419 16182 2073 31499 19924 21831 30582 32640 4878 12053 2527 5136 28734 19492 1301 23175 26322 13244 28818 9349 2491 21913 17262 31185 14961 25316 10627 22768 14136
54
9168 26103 24227 2796 2075 31645 19542 21279 9178 21140 13071 7508 1620 13082 6120 210 13828 25803 21206 10563 21822 20665 30838 10597 31253 2494 4361 26114 15739 12049 16572 11554 17834 23832 17710 19839 20419 8317 27692 16953 31925 8068 26559 18123 25953 28060 9064 26430 14844 15668 32426 24733 28852 25551
97
26024 18326 25691 22994 7116 7599 29630 1243 25683 26481 11187 8076 17881 16985 24532 27358 2559 27599 18679 10531 25443 8014 31422 3399 12239 8132 22378 12117 10928 28732 30192 10812 9162 32698 11855 18132 3627 19558 16416 22556 31581 16877 18287 11462 22240 22309 29641 14837 30167 12016 13718 25413 20226 16482 21930 1036 28396 18982 11030 7647 31846 5405 25412 20568 24883 19017 4163 32279 27397 24554 29023 17159 30889 25062 10741 8162 1918 6510 23173 32504 13611 22495 20489 30252 2449 26854 15749 27199 7423 28648 13280 30545 28325 13473 19442 17060 32588
71
14046 6564 1092 641 10402 548 18077 10276 20716 8171 666 10366 22064 4975 23394 19557 1783 13792 14073 19746 13690 22120 5743 7123 29039 23730 15959 14350 5155 29865 17275 22983 21193 10114 20430 29300 19217 1532 13218 18798 15869 18406 5915 14235 27889 1250 24548 17994 19721 27242 7968 13662 1198 4880 7076 11439 26476 25354 19555 7341 25598 3565 22313 4679 6315 10681 26509 523 470 29462 29217
10
30416 9949 14315 3598 26864 5338 7705 21334 6374 20433
60
32226 13900 7870 20742 21828 7550 4961 7601 29638 10156 27130 18367 17489 16685 5714 2407 6029 14870 8698 6272 5194 1292 16343 31729 1823 22614 14559 21865 21840 25910 5661 29520 5877 6522 11259 16125 7257 8014 27328 23337 25249 3924 6232 1699 15278 2295 22356 5958 11588 9468 7985 8489 19307 30297 2525 7701 4629 3403 6775 10556
14
12451 24918 8999 1249 16736 8526 20977 23736 31875 23086 20915 8837 3871 23693
43
6182 12464 19143 5905 20854 14253 11074 27266 30905 23649 28662 32063 12858 7670 5932 8442 25394 32211 18821 5471 24556 1320 6463 23114 17703 18630 18100 29239 188 24373 11811 10490 19840 32000 17075 12976 9836 11092 15029 14069 29947 19657 20778
55
32468 25728 16517 10251 22185 21358 23218 17887 21599 32759 25174 3184 22639 7103 2393 20893 24204 31677 14498 25403 9094 13969 1313 14346 25198 32023 30227 11496 27899 24892 129 8773 9004 32528 23562 3543 3631 15389 5347 21647 8834 4344 32540 203 27992 4373 28453 10445 12606 9439 23440 6508 13822 10760 19480
9
20419 28190 14819 22213 24959 14176 17668 23025 24202
31
25412 1479 3980 18056 27682 1367 7836 23376 9752 13251 11945 18545 14624 21679 537 24261 10871 12532 29873 10256 17825 27540 19637 914 5805 8947 10064 28893 22970 12868 1077
73
954 10049 13447 1366 18550 16415 12535 17962 16851 1473 6956 25978 7251 22060 28263 29076 27870 29499 9063 1359 5059 27027 19338 1691 20730 25562 26422 13148 28076 15908 31607 28793 7924 28078 10985 3887 1512 4303 21977 31916 28883 15147 1447 4057 16837 21034 10094 26999 7758 3497 23015 6765 19590 28911 21131 1120 24912 20450 7672 10373 9184 13434 16278 22707 19067 14455 29818 32445 29822 10063 7563 28158 1442
51
5347 29493 18046 4498 29304 5780 28238 4518 1019 17427 31218 910 31744 19978 29754 371 7264 32255 4960 28719 24539 10172 20438 19202 26370 29349 22594 22407 11349 19785 1736 21991 17320 16183 15239 333 10443 3347 16486 29850 24937 25321 6672 18265 30257 30912 27197 30453 1844 25971 18228
13
32654 5052 11405 19641 11337 3474 26940 6496 14974 4533 11979 14345 24765
19
9703 12866 14255 9501 11294 4077 1530 23446 7911 1592 869 23979 22499 4816 22333 5256 15970 22354 22007
50
4649 18691 16918 30250 21363 2240 5200 30313 27701 30520 3820 25548 32422 22872 8302 31450 31999 8455 22902 5827 28287 11796 31206 6643 1459 7020 22851 17639 27636 27793 11870 28479 26161 12103 31283 22293 14063 26001 6673 31374 24973 19419 17659 12206 13005 20345 30799 28273 12944 18768
53
279 25313 20691 17402 3775 28725 15154 11790 13367 14065 6861 26634 7955 16941 21231 31334 24316 10168 5049 16394 24907 25948 21084 19891 19159 9059 4492 26777 9226 89 3633 20559 2875 18964 9311 24554 24887 18418 136 19045 9249 31330 28912 30276 27773 29606 27490 15480 16519 11735 6946 3715 12745
53
2850 18396 30956 9584 16504 11925 975 19939 22800 26427 10710 26144 670 24574 31365 29041 24023 30481 23117 1358 8673 24660 24997 31779 5128 3633 12893 17747 10162 8643 14127 30332 23189 9790 408 509 8487 7051 14822 14005 30550 5170 21905 27918 27002 27261 1998 1338 10632 20699 8290 6845 1160
70
19636 4396 19529 4440 28455 24116 2387 10772 166 13533 2333 12192 12417 30224 7296 5314 13943 2648 6764 25340 2836 2277 31450 14769 31293 20438 7681 18568 17417 29112 5069 18710 16338 7241 30605 15287 13708 23682 13292 27580 24918 25557 17186 32460 21839 12980 16235 4996 11691 19538 22456 13153 19206 22445 31909 7136 1783 20940 22956 8931 5865 13637 28312 14935 4390 15107 23868 22292 18485 6214
28
16132 28774 24043 6412 648 17323 23790 15056 9495 6057 13357 10404 14633 6671 27503 22725 29523 10023 16292 24304 30899 28331 1135 22481 27790 23257 16097 10430
12
28105 23944 26533 4148 2303 12712 32579 32157 21309 3528 25495 27332
42
11632 27287 31771 216 18994 7457 13906 6131 487 5172 14015 9462 29243 13920 19203 31506 11628 27003 11243 28913 27726 3222 24468 19016 8595 20015 1747 24492 21065 12969 6611 30886 22436 24313 22528 3081 28158 31649 28452 23171 13596 17378
32
6003 1459 5421 21758 5114 16426 4828 7412 8277 30882 12831 16748 5994 9268 16953 2289 18592 11129 17644 31628 13300 1616 11057 31904 19530 17627 18989 15379 13312 10699 7265 17070
85
14814 8993 7623 3001 25765 31815 28189 20124 10891 40 24067 6028 25619 31687 17089 29123 3681 23369 27959 27309 16636 22697 28099 22081 12498 685 20325 11666 25725 12313 3617 15265 32196 13090 19621 3190 15461 24869 3372 21103 7698 17049 29090 13783 16313 32579 18185 17082 25608 23208 24603 26872 17201 21704 817 17049 2026 17161 28515 5216 7608 30066 15601 15523 13422 15385 7394 1114 7408 24799 15338 1653 25405 26970 19601 8563 18861 13587 31890 10032 2423 19442 22913 16126 31861
18
26801 11768 5164 19753 30293 31123 16903 18132 24549 6262 13539 22767 24004 9612 4048 32475 4127 18775
78
2132 21272 19847 18551 27041 7716 3787 20404 23565 29361 16615 4179 25243 7693 14599 5022 1782 21123 12882 29167 25255 23495 16579 18987 18570 29332 26164 21133 8835 29587 32188 26277 22381 32127 28987 13984 19795 14983 27955 31689 23523 22771 1754 22096 17183 30475 2157 14410 31318 1588 22470 506 27475 26973 11057 13135 28116 21145 124 22189 5950 9229 2637 2289 12942 22541 1976 17071 29843 13442 14865 18109 16475 19855 27903 23030 4075 7028
18
10296 21810 10162 18199 31407 26432 5488 20841 9046 20404 2333 29322 16826 3187 13143 22962 17666 6560
79
20518 20268 22472 17118 28941 23961 8796 9676 4991 23244 10853 1807 6880 32111 26995 24899 8556 6294 16598 16583 12562 16712 6417 13670 32390 27964 5516 1847 23186 28384 12425 12993 19885 29343 21337 28771 4558 24932 16080 19188 24194 19546 22518 2470 15165 17911 11519 28976 19437 19512 18046 8236 19413 10286 6357 2749 10905 26297 10736 22902 32661 20116 16179 12151 18291 30609 10160 7129 8189 26406 30366 14925 30255 22057 16902 18175 23185 984 14784
89
28612 14876 10910 15461 10074 26383 16871 20586 16619 28603 9479 14300 16228 8229 12676 21877 18595 23690 31028 30728 9025 30696 20142 1312 18095 21440 30206 14052 12677 11546 19869 28989 31254 15051 928 29243 19784 243 11055 25013 20387 32201 17977 1072 5287 5019 5990 5378 8291 21520 20557 3000 10051 4273 28648 20660 42 21671 25924 9499 31936 11206 19069 16878 7182 23243 19434 29302 19272 27874 3989 11750 10473 14956 12526 29756 32261 19710 9408 29288 25051 17581 6499 12720 15275 8841 10036 22099 5831
71
25922 12652 31979 24036 13898 10778 19153 23206 25062 16862 13057 5605 19969 14404 25319 810 27790 4550 32295 25687 12665 1517 25653 18664 9438 6329 29728 4728 25978 25411 17070 8839 12127 20385 30382 5498 15083 19466 16266 12003 2042 14650 6684 23299 26971 6168 22466 27022 25729 14999 7093 26029 14715 31706 17046 12105 10023 17307 26698 14727 16290 22733 8 4751 24834 18304 12976 6290 9800 24070 30559
11
25744 1364 6720 3909 2187 30890 9637 13085 26671 8311 24918
45
23725 5239 23592 31321 14500 2334 13266 25789 28308 11321 3837 19464 31637 13523 32154 8499 27209 10837 13176 10917 527 9970 20758 31153 30329 6466 11958 22881 11009 18733 23986 6770 24311 9227 21523 24735 21950 5129 30304 21795 20280 26319 29620 25209 25727
88
10259 23910 7382 3905 30974 16185 20191 29405 24645 21842 8718 19752 6429 2529 17501 3715 9074 10736 10305 4832 4479 19620 24285 25382 21403 16319 25206 9687 30294 7530 25896 752 1732 28466 30679 32528 4377 592 7528 4573 28022 20781 7728 31651 20227 9765 12204 7743 18750 23435 17523 23868 16275 23790 6250 18747 29484 19867 19767 6808 8970 30819 11000 16202 29269 27807 22836 11 2288 27761 9233 186 8785 4172 8648 8189 32400 17334 19543 31274 27069 32588 25462 4968 19831 25607 10955 27921
86
7103 22625 2651 18937 8941 18263 10296 18285 24501 17109 11386 12716 10788 32068 4155 11389 10678 1983 18812 6635 11291 24004 30732 9112 22842 22832 22956 28244 26743 8810 18800 11246 15153 28894 20072 32586 143 12205 32128 26292 18045 23202 12965 8308 7153 10089 25897 15779 10355 20219 7017 22333 23772 2909 16813 6519 8542 7562 26703 6482 9412 28590 11552 10352 12539 10132 21511 6950 10450 15714 21227 13524 4862 27268 21715 11889 22113 1254 30796 2922 2956 6758 19724 12461 1922 24713
16
29184 958 19564 2971 2456 1912 26366 15080 11751 30245 12653 7296 14773 26429 11742 4161
70
11072 24673 26958 30923 8699 23588 5740 20347 17928 12519 10668 25700 4500 19631 843 22494 8292 9663 9174 15951 13082 16580 27025 30716 30645 26448 15642 15134 15192 8841 29002 1081 26956 20003 23132 24745 31559 22411 24657 18301 16111 32101 4242 29833 5274 9017 29400 31159 2904 3433 9545 31390 32307 6503 996 18006 5813 17956 24350 17290 22699 8396 1485 25294 6953 27056 9798 2867 4814 1412
38
13593 20809 3786 29959 10053 24092 7054 7492 2612 19616 2900 6204 17838 29514 29007 10406 23710 10284 28371 16340 15136 9919 4621 12692 10972 735 3314 24404 24979 19735 22645 7817 24055 19487 6141 24145 1728 28579
58
20566 16380 24646 19302 6390 27302 20711 11492 19106 635 29987 9796 12420 19977 16667 17333 11365 21769 22135 13775 11213 4334 17067 9927 30828 3006 29304 28646 26552 24865 32438 17209 11736 21944 13906 7561 22465 30895 2451 5261 12447 918 15009 21855 5750 27756 30535 26413 521 24061 16376 1585 17915 2671 16400 10979 18740 3095
81
4461 16518 18577 29918 21855 11152 2575 13002 30116 6371 17137 17364 21685 30052 12182 10670 2316 27378 19058 19660 4572 4680 18017 23914 17407 31780 827 17872 815 21929 12457 4565 7034 11265 4919 28578 20208 4936 8106 11704 27551 13477 24723 23093 32193 1978 23076 26450 29235 15167 24643 31025 15657 4329 4829 16598 22817 12433 29821 2163 12821 13970 20253 21736 20725 371 23356 16522 23380 710 23856 29475 15202 5967 11454 23355 1050 10857 23272 3222 26044
6
27142 26622 18046 1462 19480 28739
74
22922 7003 28799 7676 22712 16666 22430 6342 11298 32455 27934 2547 27603 3402 17172 17620 16681 18073 2416 16424 29753 3465 9857 23695 26735 26596 14524 28482 19573 32443 26041 25856 342 30973 6782 4428 31972 25673 8448 32213 11095 8193 12007 20022 5174 32416 20882 3039 18043 4429 23387 28243 20466 20912 13852 29589 17378 7684 16114 23772 5359 15213 3904 25486 17983 21132 22263 14956 14300 6737 11285 12042 4697 9489
48
32643 5561 985 18085 14442 20364 13313 31620 12036 31835 2820 12398 27572 6214 5263 552 6326 25324 5847 20193 18704 23179 12592 10867 11206 29288 18652 26598 32590 2162 14368 23605 22851 24098 29597 15957 5726 6309 6622 18548 1697 3133 8494 32383 10709 22245 6060 15846
51
3636 10657 31395 13167 1155 25104 19833 23489 26962 22927 14201 25991 18664 18262 16075 31455 12090 10390 18603 5537 29198 29196 21682 23956 26208 32725 32087 14049 1285 14212 25013 5319 17038 4210 23695 25745 7791 30293 11409 9413 11617 14868 29144 31903 8964 1242 9397 26557 7881 362 27054
72
16399 12210 26310 67 17804 5794 32255 16318 15343 18494 4380 23502 32707 27634 12971 16991 5783 17190 26691 17722 9052 23571 25099 892 31246 26325 19323 1863 5783 24769 6503 27575 31472 2552 31033 7960 14473 22844 17790 5462 10475 25091 9124 32436 6556 24778 12033 22209 28482 25004 21784 24457 1036 13619 18200 23816 17742 10094 9382 9444 21611 11588 17372 22107 12024 31751 14994 20089 8734 16205 3292 11407
92
24827 9427 31458 14302 6050 30617 20384 16058 12047 31639 31256 23609 16157 21513 4137 4107 17614 21949 28667 27150 20890 18711 2542 31856 17671 3417 1744 14613 17530 289 7763 15928 25933 21556 12734 22100 15649 9849 32482 12101 19574 6217 32592 3242 30585 12262 18377 31119 284 14408 31734 15689 15468 32032 10841 6048 26656 2071 9348 2100 26733 17238 10121 9497 21282 9548 26801 17605 496 18859 23153 32556 7945 7092 15769 18985 24558 30133 21199 13600 25217 22992 16444 2018 24674 10237 32645 18640 11384 30034 26621 28228
82
26755 10521 16172 21153 16293 18724 9976 6839 25399 31795 183 20466 10850 26460 7548 32292 13440 9251 2567 13093 31708 6197 22433 13347 1464 30041 27720 7482 21397 30115 7692 8004 31150 10218 7609 20467 32454 24701 29878 16413 26915 8722 6701 19542 7387 4863 25452 23492 28494 21165 21388 303 5108 17225 3664 12888 18009 7100 29263 2444 21861 21982 7766 17784 29665 19686 26120 31551 29239 8230 31175 11978 17785 11765 17880 17760 32677 15084 19649 1654 7464 6485
46
7880 19360 25824 25013 22952 3558 9880 24367 1174 24908 29974 18920 12562 18467 25844 20832 18606 23937 23941 22003 10087 22081 9667 4606 12341 4938 15753 24131 4065 10517 22275 5519 8727 105 1122 23450 11452 29801 28116 19246 25985 4561 9139 20363 30137 23421
28
11531 28776 14379 20996 32002 28316 28033 13158 8424 17920 19538 23872 28858 3502 29213 3743 10397 25925 17366 3383 22981 12859 1513 27992 25237 18293 13693 5661
7
11029 1781 21991 23119 28308 11709 6921
11
19728 20803 9413 10462 999 21315 16504 12525 6532 19272 26385
61
1657 23408 20167 3582 29902 17007 17676 26028 2457 20182 25788 18468 27855 6038 31899 20085 858 7615 14846 7911 3948 15246 27592 29735 11026 1191 29080 8101 20748 31647 11073 2875 26588 16573 31867 32271 797 7682 14552 10426 20246 5222 3065 15530 23183 20069 12801 4804 13027 7098 5194 9550 1623 23147 7767 24845 16554 28933 24330 4522 21998
13
18967 27995 12182 8519 11705 959 28623 170 12452 5129 32532 28853 27706
80
6140 24684 30465 17542 17751 28470 29525 3512 1658 20448 30298 25046 3543 23782 23349 12228 19921 16878 22140 29456 18382 24214 24042 19669 20877 18031 14424 9183 17594 585 18920 4111 19647 30386 28804 5377 18142 5049 1159 28653 26748 12792 20921 31947 8128 16593 7297 30395 25181 10743 1878 6051 24236 3632 27767 23322 17150 16218 32732 26757 3888 7084 19820 26751 9344 11839 26480 18815 1950 14541 22856 14260 2311 2744 12892 19508 18318 18766 15702 14166
99
3403 14223 27228 26201 31135 7366 1110 25291 12146 23320 1603 4511 17254 812 4728 20198 6172 18607 15174 7106 16889 26368 9431 18624 22570 15916 32345 6760 22245 15388 5726 7187 30450 26125 3715 5373 7787 5697 29264 21403 20160 16884 13664 17199 13309 23442 23746 32665 14672 9511 22430 23408 18118 1815 19228 3153 3157 16143 21889 29047 32287 31547 3228 10380 26101 13754 15200 25791 11802 25679 8914 15383 18762 20569 16934 24327 23547 11013 27172 28226 2787 12738 8145 25296 4794 30453 4684 15458 3393 8942 10230 27107 1923 16667 26325 8271 19803 28028 15419
64
3638 30295 26530 18151 16154 17965 3291 25680 24040 10732 12648 22153 31198 18278 10534 4620 9567 22530 13871 17818 13559 31666 24574 25811 28570 14373 17876 16644 5164 30781 28763 9280 22599 8131 26249 8882 17464 1882 2504 5681 4170 29873 32084 30741 26440 25341 7396 3401 12861 12199 18060 6306 20862 32577 31714 1903 26346 28351 7776 19538 5489 25828 19209 23630
95
6138 6479 544 24746 7110 16693 31699 32171 3003 27825 5775 10281 9582 14420 15538 8410 26442 10028 10785 9438 1925 3562 15073 20989 22354 14656 2017 8241 26201 21389 17946 5220 31332 19900 7130 4218 12123 20329 24669 25746 21362 29254 31134 1417 21409 19646 19564 3264 19541 4056 29376 25888 4709 15453 11342 18779 18503 13117 15706 30580 21380 9519 12237 15745 18025 9624 10888 17328 4607 25774 21240 14216 5182 21725 27883 15473 22142 16234 11426 17783 4142 3158 28455 15435 16840 16773 19681 6538 31748 32031 14949 21058 10061 28471 11151
51
24433 5802 27858 24146 14236 17738 9932 7444 31367 12092 16413 32232 15085 2463 4474 20101 18495 31854 8189 18535 23448 27560 20927 17172 4339 23470 20649 23460 156 29932 3975 13696 3300 27323 9566 14442 14361 18822 29440 28606 5813 28716 18141 28407 12758 14502 29468 24436 28142 5098 2539
37
18876 7439 13331 31361 2427 26545 21967 12961 8793 3479 30174 29555 31274 16275 6871 7679 20318 23978 4797 15886 23856 23157 22739 10405 4129 28103 3505 25548 24229 23185 13720 15251 6684 19458 12547 10327 19459
70
9086 27202 29548 9344 15547 32273 13995 1786 6115 20250 23891 510 9514 19085 9825 1247 20902 14330 20150 24138 24929 31507 23499 11306 12205 8884 32416 712 18871 26912 8949 3895 5983 2446 32445 14575 1607 3812 13776 1720 27434 32706 26080 19146 3440 3010 11950 23090 4351 7678 2685 21367 12883 30931 2759 14462 2257 16101 19760 24491 17240 3427 15544 73 4890 2957 29492 24108 14506 4979
