3 2 1 3 0 2 620
5 4 0 0 6 5 1000
100 0 0 0 0 0 40
5 100 0 4 7 0 1000
6707 7257 8502 7158 9949 31 168042
6480 2410 3818 316 1155 3591 250541
7413 2576 7622 7473 3406 2491 1332516
6097 1629 961 4304 6963 2732 216499
7702 4208 7742 9267 4245 1375 73385
2172 8514 9723 3633 8188 453 622781
463 2765 5600 2738 4042 1563 112255
6631 4434 4569 2736 54 8566 3194000
1309 1525 6031 8682 2642 4629 16752
2524 9059 7420 5651 215 2447 149281
3321 4759 2252 1198 4848 4514 980511
6833 2954 8021 1729 5603 4028 480237
2225 3332 5973 8868 3710 2570 1701555
2979 1963 644 8105 7627 7569 147537
1885 2782 7257 7888 8195 8868 1441651
9909 6178 6377 7068 9835 6215 148470
6010 9295 6007 2389 8185 1187 777519
7178 3665 2361 2679 9468 125 79470
326 1625 6657 902 2608 2979 539881
2387 817 2935 9078 2164 1383 247857
2080 3699 5441 1843 7102 1821 503788
3992 9671 6249 8165 5286 6532 449596
9805 5387 625 4496 683 3729 50595
8628 5986 4298 7897 934 1159 6228
3672 6224 6795 1264 3732 4610 378863
8354 3339 8842 9100 5683 5108 880577
2601 1915 6115 5656 9167 7845 4707457
9125 2510 2273 1168 8043 933 655566
2456 7349 4435 6455 2288 1382 332469
2615 3749 7982 1112 7359 247 582373
7928 2323 735 2009 525 6408 1306445
766 3130 1901 7329 4047 8738 125429
8261 2347 4279 2773 7895 9903 1521805
3358 8319 5074 7847 1865 1424 109196
2505 4793 8162 7262 2228 7254 1207546
5631 4456 4651 7772 847 34 153636
837 1390 2246 9781 303 2032 1429391
5354 5231 8004 9256 8802 1041 1000078
8518 9024 3854 1297 9394 6001 504335
8168 4531 334 7996 3110 2682 872533
3060 6469 2234 8016 4205 1864 1399040
4793 1047 409 9328 9975 1865 154789
2285 3120 4244 7021 595 8415 2267159
7089 1402 4213 4654 420 9428 385632
2282 2071 6214 1989 5313 3087 132668
4018 7672 4065 170 3124 3334 910642
42 3268 3331 3442 480 2041 88524
5169 4427 6905 7129 9088 7047 716676
2362 6554 7390 5421 1650 7032 280730
2338 7496 9497 1418 3816 8879 2668872
686 7077 5600 2863 1199 7399 824406
8477 163 2588 4564 7091 5121 1209596
7856 4963 8610 3067 46 6509 71971
9216 5344 1044 5407 409 1144 437821
4147 507 5503 4958 9631 8863 3292668
6452 571 9004 8555 7323 3521 898229
9188 9940 2927 5190 1928 8242 446358
5993 1077 6389 6143 6213 1353 1288214
8560 9835 6153 1441 6738 8067 780072
7827 5524 6031 3607 2010 704 185059
8832 1156 8163 3554 9647 6439 1814975
5076 7585 3947 8239 8636 1638 604624
5632 5667 2439 3282 7832 594 974646
4635 5723 1335 332 6351 5808 2654834
304 9766 9762 9256 2967 9717 761877
6770 7438 3891 7828 2212 9687 386096
5073 1113 999 1287 6587 1650 1123598
4314 6173 4495 4101 5118 9365 744340
9139 9717 1242 4239 2421 9235 2800925
4000 8623 8575 2085 1822 488 310277
8337 6755 5049 7764 817 9105 1307771
6681 5120 8072 4115 8985 2069 836612
6303 3132 6052 5135 3335 324 425397
1117 5109 1129 9734 1104 9204 3190128
5210 2703 1923 814 1463 3179 1128945
8901 4527 9424 5250 8926 7171 365398
7073 4179 3144 2653 8485 2344 1123061
154 3098 1108 7399 776 7869 334175
2988 890 333 5533 6178 6759 1568221
7256 2269 8897 9880 5424 3219 321565
6082 552 7047 6523 7287 8503 3213028
2210 3472 2307 808 3163 4733 1182274
6745 5054 2325 5721 3010 9178 1963489
9192 8357 3632 2756 4985 6554 361871
1032 5015 4785 1187 1582 3303 436002
8894 9820 7151 5525 1926 2825 479268
7491 5861 5763 2411 9003 9027 2113882
3016 8590 6923 7573 5201 3601 993644
3677 5040 6131 5077 1919 8950 4448627
2995 6739 8557 6865 7230 3708 953813
1724 8942 5972 9860 2287 4809 2784478
7502 4521 3716 4329 9098 3912 2032657
1819 1755 3933 9412 9423 5599 87761
4734 6 4090 8748 1847 5533 230964
3631 1722 723 5644 9472 3977 1718036
1284 7385 4968 1457 2117 926 89957
6638 625 5731 8783 5590 7055 93174
7337 9569 1856 757 6731 8949 3853671
7835 1813 9016 1878 3366 4151 978725
6283 4079 7976 9139 4275 7821 921546
3517 5154 1090 9128 2105 9323 4190337
7804 2718 5545 9298 4408 3300 2227380
5854 1452 526 1688 4701 7605 1490574
3905 3895 5780 1918 9040 5965 597025
9438 7924 7043 3508 1463 7353 390998
4353 9831 6499 363 7439 861 555401
2160 8118 5264 3262 640 8344 2626383
8255 2678 5039 4908 4844 1762 66338
973 5549 7387 5829 9830 3250 1509849
2449 4875 8364 268 8914 2497 151064
4055 8759 4973 9119 4492 4313 749706
4950 143 6021 7524 9955 3477 2243690
5010 8195 3496 8076 7493 7420 1376637
4594 267 8375 4939 7828 7418 3516979
719 3431 7800 2696 7036 181 35493
534 3315 1507 7467 6076 111 79577
3558 7896 9192 259 2141 1167 314108
5622 8413 2754 9165 2540 6718 229389
213 8281 2440 2455 2576 7479 2693565
870 2378 1270 6936 6433 6601 1135233
7370 2561 6904 2131 672 3313 1243230
2092 9710 8716 4243 5241 1320 1353113
1733 7811 8475 816 4549 6181 1714997
1421 9099 2018 477 1850 5450 1275316
4940 3298 3886 1374 7126 6297 450328
989 184 2563 9579 6298 1328 1373265
716 7147 7608 8450 1168 675 162627
4914 833 5491 3184 7697 1234 830022
429 9978 8066 946 6299 4707 1688734
8526 2793 1490 7878 2895 8984 2525335
5898 9135 9892 6406 1852 138 136690
3800 4213 1379 1765 5745 4746 529370
739 6132 4707 3088 8158 3430 1009159
9880 7486 7032 8969 2677 2867 100319
5579 9715 1923 2820 3664 4163 278757
1454 310 2130 5808 5748 1920 797506
1110 7947 301 1797 6560 1831 874509
7729 2696 4417 7612 2520 3244 1366394
3426 8681 7370 1925 6360 3093 2145247
4641 1104 4700 7294 883 2740 1131098
9975 3922 6570 2329 6055 840 540833
1044 719 1930 9566 7127 8930 3547890
9729 3290 6660 103 7287 3986 403461
8235 9330 4170 5127 7735 928 905977
443 4595 2325 769 9720 7779 2752721
8192 7074 439 309 1652 8161 755049
771 6244 4787 6787 4604 5523 603267
4556 9079 8404 547 6513 9111 668835
4093 2263 1228 7597 1671 1203 440914
5010 1668 571 1628 8972 1431 230530
3228 7810 6589 5067 7811 6322 1610180
9948 5651 4951 1572 3298 8121 1402768
1453 2366 2626 7184 7655 784 342944
6012 1197 880 2038 8887 6011 749861
9856 353 8966 5502 3245 7063 2881077
5677 4752 2768 5272 5520 73 370105
3470 6183 3917 1419 9918 6287 2085451
7935 209 4472 5291 5209 826 908899
6335 4939 1468 4831 4064 9182 155958
2413 1254 4121 570 8348 890 531947
181 3024 2172 3602 148 5408 607151
1277 8212 612 7720 4261 6149 105130
93 5761 6037 3642 1725 8308 1698878
3170 9859 4275 717 4830 5487 1751093
1598 303 2848 7583 984 814 688655
3680 2460 7285 8750 9059 503 24345
7567 124 821 6269 7295 56 260512
4925 6517 4818 2016 360 9339 1511242
7959 1183 3089 4823 6001 9665 1419471
8611 6017 1252 5985 1675 43 288539
2152 2210 1920 7830 870 7261 1716510
3649 8072 3103 9704 4642 8054 1501239
7360 936 5143 1537 3171 4352 821671
2126 9254 4118 226 6166 1310 1000271
3203 5079 5421 4663 2903 2355 840324
3726 230 1955 8832 1591 8105 1145328
2641 7999 6565 7958 773 9076 2538610
7592 3408 2155 1522 2105 1858 16640
6644 3353 3042 4491 8464 7730 2404158
5635 1610 2692 1717 1858 688 342768
7774 8788 6206 1727 4611 5696 2044404
3899 2644 6843 2052 6544 4201 948004
9048 8189 9677 1635 5566 4598 580314
481 3855 7509 4128 8859 210 424144
9574 9166 1070 1298 1391 6620 1007213
7095 8584 8388 7622 284 8675 171590
3369 1018 4187 2700 8679 461 88668
1508 9896 3799 5045 3431 2714 48771
1674 1583 3167 1299 8652 8404 276303
1285 2566 9652 745 771 9674 3297973
4168 7229 9922 7355 5507 8048 224282
8722 329 5839 5745 4665 5138 1978685
753 1624 7932 4502 5162 1307 808566
313 8644 4744 2978 5193 802 209350
8937 9262 1174 7928 6336 1359 944795
7963 4750 2304 7386 4217 264 125529
9869 4765 2616 8037 6370 8335 297068
1110 7737 1484 8476 9505 963 1466733
9490 3635 6338 6515 6423 6948 631003
5281 2338 7941 9467 7977 5729 833172
6269 9722 7528 7182 3131 7942 634882
9517 9513 314 2184 398 3064 1059412
9425 5939 7095 1151 5018 3554 723416
4141 3059 3892 2584 2550 538 195496
9177 8367 9373 739 7836 2450 383210
0 7405 2249 125 1068 2768 22130
4789 7819 5510 3902 9136 347 21413
8679 6713 5264 5015 9239 666 154910
6089 834 6086 2603 1933 1513 147088
8046 2843 1996 9823 5086 4555 1738044
7762 6636 7756 7283 7460 3073 69255
1444 5456 1974 7939 6492 366 125729
8350 5850 5278 2621 4348 8522 15309
1921 1509 8624 3288 6886 1785 421459
5875 9321 2392 1929 5450 9273 3213769
1744 5300 2277 1115 1241 4555 1929043
7535 9203 225 3813 8212 7782 813716
8431 7278 5820 1010 2426 822 432281
7718 4287 1018 1925 3183 6481 409216
4450 6024 7905 6968 2354 5415 1324652
645 9770 8485 3380 3394 7875 3429399
3925 6119 7236 8686 5995 1751 1539955
2929 1407 4452 7852 9310 248 954858
2981 2158 7706 2211 1999 2244 843269
6433 2610 2914 2009 4946 9434 3974108
212 1504 3540 5454 9666 6412 1607965
6820 2821 5845 1229 8252 3960 1272034
149 7918 5319 5021 1542 845 423487
5636 3462 2643 1504 2784 2841 367372
7515 6748 2064 6640 6698 556 11071
2072 5710 3895 8334 1090 1819 203590
8293 5789 2430 7551 3830 6595 1268860
1054 9472 9546 8664 8160 8148 445574
288 3478 7236 6046 2785 1487 196905
2442 2572 3409 8017 4050 5727 2139852
7363 7769 7092 1512 334 5193 1891904
392 2780 3914 2605 1196 2215 98873
2506 9854 4348 5717 9423 5834 1275679
1762 7080 8501 4386 5236 6718 2120873
592 2125 3448 1444 8933 2896 744101
5100 88 8090 2047 2707 5184 1489689
6819 9765 6495 3637 9587 631 3369
6906 1852 818 4767 2315 2690 278800
1795 7072 9996 9459 9438 6026 100196
2202 1020 6386 2879 3403 5499 550691
9982 6139 9908 91 677 1258 719502
4412 6163 2006 326 1083 3969 868273
613 8790 6313 7466 2332 678 15974
915 7601 6775 6404 5584 150 424957
9536 5130 6106 880 920 8467 1233795
6717 6046 880 784 5643 1606 501102
517 1268 216 1205 7245 9883 2987095
9778 1840 6277 5881 1428 478 105628
1118 6574 613 43 2428 2000 253330
7361 2603 3042 9005 5737 9739 1726676
452 9646 7951 111 5647 705 160474
6586 808 1341 286 5627 2505 9686
9600 4571 6681 6942 4868 6979 417656
672 9726 3477 8494 1851 5133 2138240
6940 5772 7511 8022 6087 3589 900870
1617 6804 3032 2264 3073 9383 2948257
4609 9314 9184 3230 4749 9146 1580127
7611 1538 8441 2002 2234 3995 1167377
5657 5144 2999 2929 7857 5237 868478
4710 348 9455 8660 2377 2573 1584318
2494 4918 2406 9331 5158 3791 1754927
6284 8789 6510 3897 5383 5117 449424
7368 4442 9592 4448 5821 118 338659
4936 1595 718 8804 6933 598 1056885
4676 1174 7984 8578 9852 7001 1700387
3554 4756 1034 3445 643 2124 457044
6537 7004 3708 3015 1590 7877 549803
3554 8602 2536 1136 6990 8866 5028796
4798 662 9490 5990 594 5080 1485025
4891 568 6922 2773 9948 8367 320649
8457 7990 4994 5348 9898 2821 948629
5169 4609 8343 3529 2469 9066 2011572
3901 9716 1574 5470 1149 5080 590282
7422 450 3294 4720 4808 9122 312587
5923 5761 2313 6793 766 4590 249681
36 6809 1757 5656 5120 9775 1468854
9177 7679 3002 3253 4113 9048 2544170
4909 8746 8166 1559 3923 2628 1150440
8196 7648 9137 6875 1592 5955 121174
6027 6095 8089 3817 3421 2280 389693
9245 4168 960 9327 270 5663 343041
2307 4315 3245 2083 1260 1921 121510
3761 4134 1788 8683 2261 837 714415
5166 6894 9110 9303 1305 6324 732102
6316 4791 1028 1167 1831 1604 335980
3279 5385 5262 7953 8257 1943 995181
8973 169 7631 7163 4606 253 299478
6038 6286 5661 8300 4502 9433 1376914
6068 3648 427 1388 7582 291 50338
6572 4611 583 6949 2839 9226 3791341
2983 7047 7392 824 5750 4740 2553667
4077 3592 1230 4073 7908 1260 601082
4146 9146 8167 3842 2736 5685 290954
4458 7924 2112 5440 1382 3506 1661884
8076 847 5414 5311 4937 4597 357039
1125 3066 5571 6750 7385 1167 203389
2647 6242 4074 4250 4991 803 18192
3268 8615 1196 3619 5208 3241 1644596
891 4167 3800 2513 405 4895 405944
862 1498 275 7692 8514 705 627895
2477 3499 7375 1102 636 2078 97547
1209 283 4418 4489 6991 1302 923303
9830 1800 2486 2012 4771 133 212969
1221 5033 7858 9015 3642 253 94472
3163 7157 3990 3604 683 2512 605889
9198 7422 3167 7898 3922 8785 1335447
7255 8807 884 1232 5230 1841 1175312
7149 6601 2442 6623 1865 3246 199883
2404 3707 259 4632 8958 794 745942
8560 1690 2348 6038 3545 4976 1762517
2220 5657 8505 8097 3984 7661 2319059
862 3639 3757 1564 8009 2401 82488
2621 913 5036 137 8180 9725 4585509
4699 8500 297 3111 1319 4872 1666226
475 8331 1312 5187 3027 8827 320300
7072 6764 4063 6319 4884 3880 2112300
2924 9341 2187 3918 5069 3230 1880986
6180 3960 5044 3271 6457 4021 556291
8779 2641 2668 4994 9902 1989 128828
2375 9493 8549 6299 3035 7809 2207651
6571 1941 3895 7166 2514 5410 2045866
433 3 1196 5446 8075 2321 1001866
9549 2847 3334 2158 4619 7895 3758642
1068 5689 7939 3238 1515 1281 666778
697 1705 2449 420 9909 5395 2709281
2934 1498 3988 8183 1128 8360 541222
1316 5651 7157 9089 7606 1738 203893
9028 9109 9525 4879 8594 9592 357759
7191 1096 3258 456 9328 3762 2187698
86 1510 3641 9786 3372 6984 147936
8044 6530 6674 2282 2408 8326 2639906
7078 7206 8696 5951 9078 2462 210626
6585 8324 2557 902 2465 8570 208156
4964 15 212 5412 5453 2553 227821
5199 647 4569 1175 5747 8600 1027330
6101 6624 3437 4503 5976 4678 1315209
2312 5622 6794 4089 2120 1003 482344
532 9572 5562 7212 635 8410 231544
5462 7213 7685 9144 9613 8113 338579
1018 2606 5651 1122 1036 4876 1149831
4666 1247 3162 7531 1982 3536 253654
3963 1144 8611 674 8101 2648 235546
718 367 766 5805 2150 2444 331750
9124 8628 6969 1034 265 1386 586970
8397 483 6962 8118 7316 9672 870548
2159 2657 6377 3943 1739 6806 1008209
4008 8787 6159 9409 5688 2610 415588
6558 7329 1379 849 4169 3034 1213350
7267 28 2952 8474 9059 9374 3037620
5191 9668 4651 1469 3844 3625 143373
6521 8893 887 3995 3910 5620 911985
4241 4410 356 7096 2632 3730 318476
6906 8433 1142 4166 829 6484 1409903
1019 6413 5321 6442 1480 2367 1184030
1957 5861 5468 845 4201 1805 510568
8690 8676 4951 9827 4529 3059 594569
6270 1826 321 8836 8763 8673 955332
143 1890 4585 1395 4229 4620 2233306
852 7274 4051 6745 2069 1432 608904
6382 6816 6426 592 8754 1421 112384
1575 1913 3281 2800 1025 244 319436
6424 3856 4381 4331 1248 8087 600936
722 9863 2064 5944 4821 2210 131808
821 1936 95 1407 8515 3676 646621
2962 2096 6357 362 9042 1988 572881
6585 9659 2448 7919 1224 380 357709
9673 1151 6082 3513 3183 265 174770
2795 53 3586 5309 3143 2020 757255
7189 793 2448 372 6222 1778 315567
1984 3588 6870 2339 8817 8473 2966861
7139 8921 3574 275 4926 124 9283
409 5951 1340 6926 9160 5702 3141766
797 1666 7800 4854 5451 8687 172330
2173 4451 9476 4664 8692 9672 2648170
7335 7654 7208 4579 2058 1378 58388
3447 949 5057 6298 9108 3891 278513
1639 7451 4587 1281 6282 8704 224916
1105 9953 7986 5601 8753 4278 1005041
4225 3298 7913 3669 7596 1381 759287
6851 5743 8483 305 693 9774 1572072
8889 2490 3931 8092 8125 2782 854517
1240 876 2137 108 7154 8254 3606028
8191 7093 8942 309 6444 5252 899584
7363 6413 1771 2174 7167 1826 250636
6332 5937 5960 9250 6070 2247 910604
9110 7022 163 2665 404 5215 417721
7223 3426 7699 4134 5272 8454 44726
2304 1236 5922 6341 4645 3374 263388
5666 9348 2969 5244 4606 6028 1819357
7134 5387 8021 2404 2178 4081 1655839
7707 6084 2017 1726 4345 2499 710445
1170 7002 9415 9426 3727 5514 949386
4408 1820 4327 660 7329 2417 1266293
6418 3462 134 4674 935 3771 981852
7613 8861 7207 5787 2693 4374 402095
4768 6643 3410 2574 1455 5002 421095
9634 2926 8845 9644 1856 2492 702431
3133 1694 8496 6681 9059 471 740773
8899 8649 6020 800 6821 9690 1060677
4393 1752 7877 8395 9875 6972 1068184
894 3170 9818 5816 9421 3618 2484296
9045 1754 169 1475 3168 3093 316698
9841 1644 4538 8978 5809 1617 884211
1154 8504 8985 204 8643 5323 1284256
8995 3170 7619 6675 8870 7463 757522
1296 3343 502 726 7163 9680 2552882
7935 3636 937 924 9753 2832 556378
7510 1992 5438 4344 361 2316 229300
8675 2473 1958 8292 111 4094 129114
6709 4512 696 2088 3219 9792 2824462
7381 1555 1846 3029 2674 7371 507034
5163 9026 7909 7528 8299 6664 570516
8111 4839 8587 5480 8482 3745 41504
1168 3016 2945 8883 7238 2788 1364027
69 1027 3162 6948 5301 1541 32175
3479 2935 6766 2393 6456 7064 3673477
7923 4468 8658 8034 1880 5861 843075
8112 8263 4818 6080 487 5520 2677315
5100 8044 8051 1256 4824 1914 836313
5768 4795 3137 2366 4394 9628 643434
5767 2063 6253 9839 375 1367 8081
6089 6604 1577 6370 1447 4168 459011
4663 835 6115 426 6497 1604 758556
6552 2209 4895 5703 6151 3711 820740
1015 1830 5080 3540 3576 2386 670108
3670 4447 1528 3101 8063 9981 3877384
1597 9402 8664 2366 1231 752 141463
8464 816 169 2013 4679 7533 63147
5080 844 1146 5412 4092 1969 953102
7292 9143 5734 5413 2897 3246 563333
780 9563 6302 9829 5821 2158 486175
9183 571 4059 4916 2574 2272 76033
332 7192 7691 4944 4601 5219 2675105
2695 8457 7665 5076 584 1887 229416
2066 2418 5131 4575 2120 4687 865513
6670 827 9737 7037 883 512 99188
7769 399 121 2502 7342 9551 409977
3617 6275 586 4495 3699 8528 2438798
1488 9120 3620 846 1251 170 177211
8215 7060 2369 6964 473 6604 542897
2874 2387 9119 5074 5842 4901 2430393
4090 3919 3624 1862 1598 2943 906763
873 5885 1703 6341 89 4895 1109721
8049 4510 2087 1569 6549 289 516435
9582 7947 3413 532 6646 5280 2268253
2670 222 6819 8114 366 4033 624389
6424 5008 5856 9 3904 3593 234595
8781 1068 2251 8978 2180 7260 571494
5432 6203 7067 448 1185 2033 848892
1694 8253 4152 8417 5769 486 5006
7715 5456 9487 9130 862 8612 157264
768 9522 2008 821 577 8095 205136
4753 8949 5470 9863 2453 411 339692
4332 8283 7722 8502 8025 7891 32204
6299 3119 5898 4407 3527 7970 471875
4250 9673 8906 5079 8031 7423 876360
1235 150 983 891 3853 2506 21328
8090 2768 2441 3457 2790 4892 1688322
3140 5864 3373 2346 2752 2169 70603
7263 8271 1220 6503 6990 9066 1614601
7025 4442 2414 1721 2071 4767 1162746
8743 7726 983 2555 6607 9972 175478
2059 7427 990 7802 7919 3120 679057
7922 1384 5479 1210 7517 4587 121943
1513 507 8818 4471 9980 2980 1044849
6766 946 8941 5672 1054 4775 1421203
2104 7959 2111 6138 3157 17 183660
6856 96 9293 8106 2150 4793 1704301
1040 1567 7179 2931 6726 4886 1832903
2564 9529 8482 7023 9967 6444 797788
6418 6165 7369 4463 6392 302 873012
2726 6171 4365 2081 7082 143 297192
9735 4804 100 6859 5313 1193 169436
2213 4 5231 804 8308 6809 2058237
5696 10 4637 1520 7762 8888 2660657
655 6714 1328 2538 312 2254 458746
4694 4297 3197 6457 4536 8804 4464714
9417 9063 1693 2047 2730 5782 160413
3322 2128 9408 9160 6835 2747 1403366
1474 4274 394 8389 5532 7773 2174598
7857 7816 4052 282 3495 1152 667825
8266 7495 7507 5266 6315 6657 167927
9224 5988 8185 1674 858 5091 2404238
219 39 7448 2232 7611 204 678406
5982 2636 7089 8901 7568 1709 1250582
5322 8515 4927 2372 85 5845 2188603
7774 2168 1551 4488 1200 1140 631
4052 5607 971 1623 3175 8237 547460
3337 5254 4812 6309 1725 3841 959782
1237 9409 7063 7780 3165 7203 2336311
5643 6436 4583 8440 5532 2298 1443290
8976 6190 835 934 246 7497 116917
5955 5875 2349 4220 9416 9259 215756
8754 8386 1385 6972 2478 890 59887
5047 2161 7476 275 1852 6034 2210764
8315 1477 1569 8113 8823 5633 1126637
9393 5874 6400 7270 1112 2466 1344165
4818 7702 4642 1736 5640 9040 98056
1299 465 7544 7498 2899 4015 1848675
4878 7840 2633 8308 5758 7980 112588
8619 95 7883 3405 6120 1294 83570
2098 9646 2366 5125 5618 8580 3116728
8941 1771 2194 313 8112 1532 32119
8039 4186 1501 1186 6936 5337 2343525
8655 4211 175 2198 2112 1923 1797
10 2058 7411 7774 4907 2137 1166214
3260 7126 1933 3974 6734 1674 84112
848 178 1096 577 9224 1315 74400
6438 5982 8653 4940 1540 1554 769016
443 4655 9739 945 1472 4350 450417
9383 6388 8965 9979 2364 766 244775
7172 7437 8587 6051 2751 2400 192184
8280 2656 6065 5132 8005 801 393652
105 6320 1241 3921 4429 3150 918325
8139 2340 2729 6633 9040 2331 1860372
2657 1479 6467 4659 424 7549 341869
1474 9925 5208 8423 9062 2587 237904
9386 9371 2495 6104 2651 8490 26757
1363 7856 7727 381 8897 6622 1639641
1443 7854 1014 9077 7246 5825 152638
860 7855 955 4456 2482 5207 2114570
3219 6917 9406 454 2504 8785 1156519
164 2112 58 2016 7022 7088 2536915
129 8363 9534 4768 5463 9881 1387428
4636 6848 9466 6957 5071 2710 889220
3872 7800 8308 1844 1542 8060 2559164
3979 2647 7744 252 4721 4015 1590839
4644 1212 953 7847 4621 9823 4763915
2722 2019 7270 5805 6596 3626 328004
4450 7851 3571 3717 9309 8667 696239
7479 1694 7089 2429 1450 8498 180078
1103 7240 8097 4093 7063 3390 1959844
4752 2287 4443 6862 9373 700 880711
8536 4231 8018 7884 7151 7040 244281
7239 3671 5121 4118 2881 6016 557348
8659 8683 5240 3655 1273 2259 935547
3401 3439 763 4066 7318 1949 904419
204 7781 4236 6978 5187 5988 687886
3393 1013 3067 7506 3187 8048 281542
7355 2318 415 6239 9115 8223 3344637
8287 5800 5873 8167 5236 8560 429860
3940 6727 4478 86 2535 4038 706186
1149 5456 67 8154 7588 3447 517434
5843 9216 5312 5061 1860 9231 1980475
7484 6813 4712 6315 9720 6770 296876
5785 2545 3677 4606 2316 9822 2319620
225 484 9767 9364 7710 4141 2088724
1813 6269 7291 3028 1581 4020 1635153
3054 7905 551 4778 6237 7290 1090277
8953 2486 5795 8669 601 6491 1512442
9178 637 9857 5067 5150 3781 2041520
1759 1991 1590 9602 6112 544 374952
5924 3618 5750 911 9560 5039 2977136
2181 2560 4445 6538 6791 5188 536855
2317 2253 9541 3413 5612 9810 2454612
80 2053 5399 1790 6598 6997 164762
6563 3727 8275 2687 2691 6051 2571963
3060 8979 4296 5313 5771 2541 1590493
4920 8560 785 8662 6426 788 631228
7127 56 8260 3879 9560 6504 3045000
2006 7244 9224 3911 5537 3439 883592
1300 9407 3607 5347 9319 3423 1757240
1382 2824 2630 1840 2888 9803 2782962
4703 1736 9792 2565 8748 2180 369698
811 1676 7771 3208 2567 7383 1275518
2133 2448 1509 643 599 2744 40669
6602 6496 8860 8205 2282 5202 696113
1611 5971 3282 6049 5361 9677 1524480
2029 2988 6697 9210 6332 7216 3103528
2292 8638 1215 4256 9137 9907 315193
3046 2934 7805 7475 9404 722 1265274
9504 5378 658 9422 8705 4032 355351
7626 5223 1175 4111 5646 5022 472232
8121 9926 2277 7458 2222 6833 492447
7491 154 4163 4509 5039 9068 185503
1801 432 4084 1372 4538 7678 1374245
4208 7986 3692 6542 5045 4956 533072
2470 53 5076 2483 318 5033 873966
4879 2094 2615 9950 1462 7046 33874
3889 5305 1225 3810 1177 1611 495875
5373 9265 7309 8895 7205 1731 625530
225 9787 7791 4107 4442 9463 2662156
3886 6373 8798 7357 1952 3348 503536
5599 1421 3937 1485 4815 392 63471
4028 2463 8527 9368 5026 1736 7484
6671 88 5724 3330 4684 906 263157
3147 1991 1851 1881 223 5562 655458
3384 6125 4897 3545 9097 1974 1837567
5416 3592 7500 9799 8605 1528 905447
4902 9896 5714 9728 822 1458 1327770
7019 4044 8943 6208 1857 9422 1744730
2412 5175 8371 7576 848 5105 729003
1549 948 5880 1200 2143 4947 2498806
530 413 1000 484 7131 2851 1246638
8786 8515 5168 893 59 6979 3197711
4056 1357 5631 8103 793 9143 477281
949 8606 3657 3250 797 6028 2055057
6264 6418 5623 2155 1508 5600 1584858
1775 3865 8925 1723 8630 3287 1136620
6255 5290 2454 2442 9235 299 81054
254 2487 477 3286 7914 7863 992873
114 9871 5820 6405 8989 7856 1028687
4388 7684 2126 1613 8140 6943 3852207
3319 4177 7217 5714 365 181 8026
4078 5303 863 98 5718 2497 814153
933 3608 5078 3053 8713 5757 2225358
6857 2793 770 1974 1403 6107 42508
2090 2809 6165 8866 7960 6642 2310304
7612 3157 9934 5671 1743 2206 636606
1357 9696 6311 7182 3025 9776 2405917
6540 1407 692 7144 9328 7130 3951329
7582 8000 4952 776 844 2725 18759
7499 5249 1229 2044 819 2885 189280
1346 9043 2130 5711 8526 7402 2333753
955 4409 8392 7554 1587 7222 1434250
4889 715 9809 5390 1302 7168 495555
796 4740 1891 6804 7896 5956 259955
528 5887 3515 8397 8503 5543 2535894
7798 5782 9085 2276 5815 3304 1801480
9930 7647 9393 5013 4060 3540 63309
3033 814 8804 5460 2731 6528 1134132
5486 6643 2670 3051 9428 2616 1376090
2589 2559 7381 2322 6110 8814 3646573
1358 9470 3125 9150 9765 319 967458
5152 4345 2374 8291 428 9957 5024885
961 4512 2703 3122 5494 6976 244150
5377 6669 7731 8878 6901 5448 781686
4553 6653 4774 7311 9817 2039 1284537
7551 406 7659 5900 8142 1117 1213704
2044 8875 4423 1156 7614 2610 1388597
2769 6376 1475 3918 7527 558 313102
93 820 5302 8765 1473 7899 3484518
4089 6850 5711 4414 8672 183 101461
5623 4276 2340 4702 606 8327 606569
9950 404 2917 7898 9965 3690 775009
5202 7064 3836 956 8436 79 77317
6781 4333 3753 4543 3425 9740 1717606
29 2159 6879 3404 1194 620 13311
2761 7319 4798 5192 264 1181 22340
187 930 759 1832 3113 2374 629190
3186 2773 8710 6951 4491 5749 1212309
9095 6351 4881 8271 5333 143 523792
171 9690 792 5631 8480 942 281575
3274 9645 6207 2012 7416 9545 2125507
3383 3694 1479 7843 500 9232 995196
4449 8570 6654 2680 1291 9660 738707
5335 4676 5467 556 9896 4536 2352365
2165 2993 3288 5475 2483 4943 481048
176 569 8700 9100 7107 5116 2075584
9398 584 9809 5275 8606 8530 321175
511 229 9821 6999 627 8177 1431693
3950 9758 7220 1806 3086 9002 3133511
3853 7225 6776 8451 1289 2243 1282267
1227 5336 4595 9594 6653 6684 3310834
340 264 8576 7200 9769 2367 1116076
2300 762 2767 1877 3669 2747 511824
5817 7246 4816 3803 9114 3883 842402
2080 2112 2279 2766 4485 954 911407
1986 1263 108 3485 4033 2719 908368
7404 5032 9503 5398 3741 8991 925929
429 3280 7393 4464 1504 3020 460002
4337 3932 8329 1416 2233 714 519926
1337 9162 587 5163 1509 4917 724997
373 3607 9901 2426 7145 6344 89784
2119 4948 7781 553 6793 3538 29990
2429 8301 7120 8594 3993 4942 193227
7016 3669 8525 5911 1238 2995 1220166
8458 9612 5240 7807 2884 5684 303920
7560 9799 7846 594 8980 3963 98997
2286 7352 7801 2406 2718 2604 324631
5640 7611 457 5852 864 3033 496022
1208 2759 1561 3222 9145 3745 707103
7947 2569 428 9969 740 8224 2333053
3010 397 9126 7242 7764 808 387608
2749 5763 2683 6484 1336 579 139409
7406 1685 203 9625 340 3777 1400375
8076 277 672 4665 100 2941 1014551
7106 949 6310 437 5011 9416 1465907
8730 2080 1720 1235 8491 8996 4705983
147 966 1033 1181 2309 4420 529772
612 4713 2418 6654 9985 9502 4267054
7454 9725 3864 1457 4119 8707 1237015
3701 4611 4103 8095 6001 8880 3229967
6162 2656 962 6537 8684 5870 1782397
33 7229 3485 4547 7277 5969 200058
8771 8973 2288 8709 9578 8655 130360
5235 2968 2652 1111 9416 9517 4576341
2542 1787 9797 7729 8978 5216 891228
9190 5603 6300 9266 6994 923 337765
6569 9010 4228 7575 1064 8205 1227703
3525 4587 6695 7354 2663 5293 481516
2779 1239 3116 6143 8501 1443 716105
7598 3221 2384 2240 2846 4550 386973
8647 9331 8548 3269 3062 6673 171477
3052 9016 1826 3765 68 1491 13530
15 7663 342 4775 5637 1804 212980
3705 101 2813 4959 6108 3754 64558
4685 7820 4585 323 6694 487 163845
3527 4087 5056 3464 7799 5384 1171753
1942 5518 9528 9095 730 9679 2136353
5597 1256 2274 560 1010 6776 2468175
3099 6551 6888 5829 1583 5681 1421139
5961 2207 751 1099 735 1367 128153
3084 2112 8971 516 6187 2308 835985
616 4370 6020 425 2939 2770 743150
3860 708 7336 1776 1583 8730 2027844
4049 4557 2159 8902 9916 4772 2385815
6626 5819 6175 8247 5846 9365 992529
407 9063 1420 4588 5280 5192 2568924
5131 4 8563 1800 5136 9422 4336510
8916 9039 8281 5277 9870 2661 464513
1575 7284 3982 1242 5595 413 575895
7800 513 5592 5694 3104 5070 563934
9329 4663 4847 1418 7987 3948 800864
7647 4639 5218 4995 2370 8306 2119497
7778 9017 5852 761 3442 317 17201
1174 7886 385 4552 5634 6133 2031960
229 1098 5322 5934 2517 2476 1029420
9933 7255 7945 4896 2393 7155 90666
8287 966 4785 2511 1145 4270 606972
3519 6648 3981 1419 3914 5811 216337
2344 1865 553 5074 4669 9305 86649
7933 651 9856 7680 20 1726 356331
785 3304 1647 2262 2423 5302 1821793
177 8536 5139 2210 5266 9402 4568449
1648 7086 1077 9483 83 8033 654623
9925 7483 7293 3818 1912 5020 1640903
2789 2786 6962 302 2882 5868 1231296
2623 1482 645 5585 6902 8953 1926935
2116 9690 7364 9540 186 8193 1480315
3308 3249 84 3576 1302 4412 1797549
6118 4175 3684 1141 7828 1043 586871
6534 8167 4057 9633 3781 4960 188160
2257 722 5396 3806 1890 7171 1157800
2075 353 625 5512 7050 7522 3307338
6001 9547 2488 9619 9007 8515 950303
2655 4127 8519 1147 7255 634 10149
5936 2939 3880 2548 266 5431 758859
3744 4368 9641 2590 9185 4668 997775
2027 1076 1867 5927 6719 1151 791125
792 2433 3768 3729 6112 1605 26423
146 3228 2604 1293 4970 2217 180164
5359 5941 8225 6037 3665 6481 2043518
8008 5467 5290 5683 3158 5365 1033442
1685 433 4455 7226 6034 7861 2483138
8250 767 582 7999 377 9018 541202
684 9958 4231 1490 7387 3188 1587472
3255 3982 3557 2895 7090 8453 1486256
1875 4912 4112 1751 5133 441 658763
1180 7559 1728 9641 6450 5337 1450759
2247 8624 852 3967 1689 4312 1223833
9990 5426 8229 4072 5412 4754 577307
9340 1149 8519 3621 283 2299 1062550
6764 5014 5385 837 900 4594 428495
1447 244 9854 8320 5539 6735 3604867
3865 9663 2910 3497 4211 659 32966
4985 257 767 1860 4445 4473 729281
5774 3068 6228 834 6705 107 71469
8507 5695 6377 3913 1231 4327 964509
5309 7151 9654 9089 5856 7760 660148
1140 6637 4395 4005 1545 55 139777
1251 1137 299 5026 107 1732 140521
3054 9403 604 3228 6592 7897 3897944
2695 9819 8234 5382 6167 5914 555946
8523 9001 7644 8974 964 3551 336148
373 6407 5410 4491 3141 6180 179142
779 6163 2001 8696 1387 4079 558686
416 6896 3701 1258 7282 3378 373183
4404 2637 8774 1182 2817 7619 2913469
8919 1651 4746 962 1918 7839 176193
5063 3851 2746 3178 6978 6079 2157449
4728 2339 4045 1397 6682 7092 2029494
6734 6052 5908 9999 2315 9586 124582
6849 300 6532 3166 1614 3081 249770
6004 5855 8099 6746 1966 2234 538485
3595 897 159 755 4092 4723 235695
2737 1821 4292 9689 585 4766 1698461
9186 1701 8713 6639 2121 3082 565089
435 1158 2151 695 6003 2041 1381283
4200 1180 5731 9205 8526 2217 943017
2698 225 5530 724 8359 2375 1203268
2633 8733 6795 3794 6502 2028 34271
1845 5857 2705 358 2507 8658 405057
6622 693 5243 1322 1926 2493 704394
5287 2798 4851 7499 5225 7277 2690669
1956 1728 3893 3434 8256 6876 235605
8935 3442 461 8133 9972 2535 483932
2065 1191 5796 6378 1860 5477 118707
7166 962 4927 5216 709 8781 129849
7541 7630 572 247 7541 2078 188336
6528 2119 8764 8754 397 521 63325
8297 7780 2540 8663 912 3221 1816461
9930 3591 8015 2236 9578 7373 107116
2719 9473 9715 489 8890 5648 1479527
9768 1961 938 1562 9484 4254 936438
5584 3321 6069 1590 9013 9173 2626150
9176 4515 7103 8017 8747 4013 609880
4871 3114 7783 4016 4167 4402 346344
3480 8597 5029 7679 4367 1495 804918
5209 7009 2172 1029 5692 9253 44405
9086 2867 3815 3863 6612 1987 291105
1029 8824 1182 4042 3756 2451 615350
175 9742 381 6130 6299 2517 1530462
5521 3185 9335 8853 2137 8071 768860
9846 1054 131 6984 5498 5766 274110
8994 8939 5265 2960 6316 1777 190578
3815 2468 6029 2098 7921 1710 1176447
2295 4969 9056 7524 6668 2840 1942561
3645 5569 1473 8458 6149 2546 1954372
3998 7599 9838 2479 5278 5325 562688
1215 4734 8287 1268 5241 1133 900029
7221 7762 1411 7987 964 2770 866116
1026 6453 7208 6037 3263 8627 2704200
2543 1250 8471 2285 4288 9623 4118272
1615 1177 2327 970 6333 1114 226682
1819 26 9911 1509 3960 7160 464512
5213 8901 7411 3594 1153 2349 836271
7774 1408 5063 1326 3479 2253 181252
1530 6201 2771 6833 1639 663 434136
3372 7727 2689 1341 625 3101 97101
8106 9401 1580 5774 775 7938 2061288
9801 4749 343 1763 4564 7893 3229750
7490 3612 1664 1295 1696 4077 19698
6712 864 4772 1797 5193 7684 3189347
5210 9745 6634 2357 932 692 119095
5981 622 142 1594 880 4844 1020841
7019 3163 9504 9440 9926 5862 234581
7513 9844 6238 1235 5384 5784 35515
1182 5701 366 7961 3379 9972 4287298
3886 817 4255 5858 8306 7177 2086463
2570 8131 8789 7340 4227 2762 1386129
4085 5631 6750 2919 6285 4362 1700731
805 8847 2171 766 7394 1869 143477
2002 1293 2518 590 6831 495 216582
9676 5701 2971 2393 8414 2238 1696514
6064 3188 2972 3913 9780 1018 29098
8303 4028 6042 7855 1280 4574 833522
4158 5823 8603 4445 2086 6910 293277
6078 6380 3171 4328 8333 7926 3232255
5378 4447 5613 6212 9161 272 836189
3078 459 9330 9322 6791 7713 528746
7984 2620 2795 9621 6368 6836 2173997
449 9492 2865 507 3965 2903 202350
6896 8345 4177 346 3536 9345 4239744
2555 1515 2117 9000 1868 3108 1352338
3935 1174 2109 8744 258 7087 850381
2766 1037 2846 766 482 6106 2600944
4014 2486 9878 8667 5298 841 508000
4799 7876 6041 7552 1274 316 71684
3375 6243 6976 5915 8899 5138 413357
61 7963 1325 1494 6708 1920 1154057
674 3169 6037 8390 5578 2456 839401
4299 7599 4117 465 804 596 177174
6692 5722 1432 3538 7909 7304 1789779
7900 9712 74 9419 9785 9714 912705
5154 7283 8343 5589 5118 4249 132664
6032 80 1139 1794 8410 9861 2764148
747 3472 8442 5518 4728 5739 3083169
5225 361 8982 1031 3242 5192 350976
6949 9579 8377 2099 7062 280 573441
5130 8554 1851 6743 5944 9044 1267741
14 4957 7389 6592 3154 4208 178501
4782 9227 2583 731 8873 3074 1476399
1228 4053 5138 1441 1503 7841 1430268
4610 4616 290 9647 2924 3372 732546
5577 8195 5060 7604 6744 1281 738567
1595 4576 353 9426 5104 8177 558016
1063 1291 4280 5683 3822 6679 695981
2694 5842 7784 5762 7360 2775 1876127
9224 1110 4410 9891 8623 3815 1054271
9561 6922 1018 5024 2000 6854 1611298
3516 2405 5628 3169 1268 4137 1375002
7385 1420 7117 2575 1541 1744 355465
2016 1382 7647 1816 9111 7964 4546011
5010 442 8329 9830 4336 1150 1305450
9735 1961 1331 6998 2678 4524 1842922
9320 1913 8807 9661 1143 7748 499398
3488 436 4251 3487 8300 1768 778583
6868 3336 724 1888 4911 876 331850
5444 3476 3386 7905 242 3250 504714
595 5492 2406 9617 5150 6350 2759028
5818 892 5425 1989 7155 7611 896096
688 5283 8327 4147 3145 296 426013
1259 1364 3849 3757 8282 585 432032
9029 2532 3229 3314 5094 8820 1073063
337 8704 8914 668 2443 889 26409
3005 1640 3473 1477 3632 4588 1296974
5543 9738 4541 7029 1925 4602 2405528
3833 6870 7667 3168 3755 4179 610523
399 6907 1722 1370 1382 5469 261725
920 9663 8984 9700 9771 50 734623
6270 290 2909 8925 6389 2881 1708227
2592 8941 8535 1868 3346 1232 545908
5142 419 330 3997 4544 7264 543187
602 4744 4154 7937 537 5175 2167975
3678 694 7874 2448 7761 1917 780208
9480 2046 6925 2093 3264 8269 2967457
3510 1279 2725 3426 1930 6568 338527
1521 5541 2513 2323 1489 9689 2659847
1846 4106 3575 4437 841 4488 1392426
428 2244 1078 3381 4263 6015 2291362
2052 1923 3431 9751 1569 7285 3336380
4668 9323 8757 8807 337 6878 682929
3435 1552 6261 377 1262 2193 271161
2907 7130 1637 2238 2597 5694 384191
2161 9103 9370 3336 2588 1844 140418
7597 8607 7591 4470 5888 8430 162848
8768 8705 171 2278 747 1226 443053
4059 1203 5956 9944 918 5290 2265666
4811 603 9328 1860 4123 4673 986836
9021 4763 9232 4196 3423 7158 986339
334 8759 2193 8271 9300 4694 1783245
3447 8799 7424 926 7157 6209 3303874
3416 921 1705 801 4282 864 311588
9269 1522 3906 7372 124 8063 845066
5574 925 9009 4812 1142 2834 284283
7063 9069 4585 8560 5017 9791 391722
3544 6296 6402 2499 47 2525 862879
2829 1971 8798 3213 863 4410 670232
7323 5455 3405 3585 5369 7256 4260426
2673 5193 1197 552 5344 3455 526451
1983 2295 4250 9772 8182 7003 1583693
8371 5379 9449 1907 7681 308 350265
4482 1444 1426 7082 8278 2279 80679
6980 710 2509 1556 7868 8000 432222
5837 6998 816 884 4542 1998 220870
6149 6213 3886 1959 2945 857 120107
6767 6797 3969 7100 8714 8562 865076
7755 9444 6238 639 2207 2213 589837
1240 3546 3734 4314 4465 4452 1874551
6997 153 8344 4489 9193 1250 384937
2752 4697 1489 7251 3741 3194 342614
8511 9685 6467 1431 3859 2503 24819
6284 3083 9002 1516 1893 9951 3003625
1794 110 6434 6308 1778 9434 278287
260 7179 7792 7573 5158 6469 1860258
6440 416 5050 8028 1147 6267 2042185
6874 9749 9886 1208 6071 6966 132673
9352 195 495 626 9428 496 219015
4531 3629 3329 877 1324 123 84391
8123 7974 8909 8707 5697 8764 35160
8475 7976 1864 2529 4808 4802 729302
2069 2959 5602 9445 3705 1544 578989
2509 128 690 4313 2735 6316 259800
8837 36 9713 3535 9550 7479 1737206
919 4374 7201 5958 1590 58 407319
3563 8993 4595 5265 521 250 142287
3183 5910 4379 469 3610 7552 1742076
4993 9171 2636 3252 498 851 195257
9811 6368 3182 9121 3346 7380 384514
5867 5816 3288 8274 482 5702 1820736
571 6250 6182 5851 2657 1329 675219
5280 9080 4297 7352 2 2578 119279
2181 1787 549 4548 3299 7459 2879079
8367 7866 9782 6741 128 4092 391069
208 8961 3965 5743 8718 5232 806169
6063 5643 5234 6074 6655 5733 2612844
911 4777 1866 2478 3737 3171 1180223
7323 6344 7078 3757 3880 264 573992
5264 251 7448 359 4515 4131 395742
182 5890 1681 1613 3502 64 62671
2572 192 7548 1978 110 2154 955473
1607 8534 1783 2377 5438 3712 404145
3160 9255 8312 9846 987 7312 516761
8720 5998 5041 8166 4077 9173 288256
3811 7038 8092 98 686 2991 216075
5878 2585 5752 1317 9953 4726 1700213
7252 7553 2609 90 2359 1972 185645
6950 6587 732 5213 3630 5379 2641406
3494 1824 9983 874 20 5113 818809
1395 7663 4908 5379 6074 1108 913234
662 8456 6144 1756 1310 2615 537809
6986 718 8824 8414 1644 5618 2625277
6910 9215 5660 7589 4202 6221 123482
5230 8594 5216 5031 688 5129 2186772
9150 8882 4051 1238 8906 8826 690257
2104 1299 8156 1401 1802 1371 128369
3908 3697 1965 8085 5702 3352 1397952
219 8393 7423 6513 7838 283 214452
7431 4589 5724 1033 7412 1772 242847
6299 1825 2547 6126 345 9415 423340
6900 7397 1476 4613 8598 4459 2876992
7493 1654 117 349 7176 5664 221714
7360 5203 5529 3495 9309 7788 1357991
7527 1082 8793 1659 3178 6925 1749391
2013 9896 5603 7708 4820 9219 484818
4792 834 1213 5 3732 652 134381
8401 2119 7318 5542 7777 1181 884342
5570 5848 2041 43 7359 8454 162056
960 3583 6192 2545 7539 391 524618
3883 868 1853 9592 1142 1693 1014273
4371 4619 9768 1969 6045 8837 2137931
3772 2061 6652 1462 8485 616 363297
3701 9641 8930 8846 180 4945 57184
7368 656 1855 6288 7169 787 36937