168 168 168
180 160 170
200 168 169
200 169 200
27 46 138
114 113 62
87 65 105
140 3 69
273 58 262
50 144 232
170 208 102
236 296 104
73 40 39
273 45 53
213 288 179
131 274 217
142 233 118
103 32 291
162 130 52
17 65 2
171 65 191
255 228 239
50 203 47
20 61 112
242 237 205
151 3 82
14 263 76
79 114 134
208 181 280
32 9 204
259 298 198
155 92 98
135 273 2
115 271 119
160 72 137
70 288 272
110 50 46
109 166 39
87 49 245
195 291 49
144 180 117
240 32 243
185 121 127
281 110 53
268 153 218
6 199 135
234 257 105
223 210 203
73 161 81
14 84 112
21 211 31
52 277 5
138 24 166
128 215 19
68 294 123
31 29 18
140 228 79
116 180 214
290 73 92
73 36 191
117 104 136
67 147 204
145 272 204
227 16 243
187 52 266
193 276 24
139 68 7
257 164 230
50 94 259
2 200 116
128 117 232
176 158 248
83 233 56
223 109 238
93 9 168
127 162 1
22 32 174
232 60 39
287 51 292
136 31 132
109 5 129
296 235 123
285 180 196
146 145 44
21 43 6
123 194 132
47 173 185
184 76 209
296 73 253
163 269 266
244 281 206
237 212 72
129 269 103
233 93 295
214 156 69
18 248 237
172 136 273
6 243 167
204 117 23
32 294 57
70 246 276
262 287 218
115 288 36
34 11 104
169 169 169

