3 2
1.523 1.322 5.366
53 23
0.543 1.213 9768.134
8 5
1.088 1.833 210.673
4 2
0.181 0.553 661.454
7 3
0.752 0.728 939.738
6 2
1.277 1.751 423.419
9 5
0.691 0.779 612.390
8 7
1.969 1.944 548.070
9 6
0.162 0.015 141.173
6 3
1.516 1.636 926.418
10 8
0.974 1.549 949.432
10 5
1.175 0.506 592.373
12 8
-225.546 -197.278 345.523
22 12
0.217 1.680 633.894
35 17
1.998 1.545 637.806
46 14
0.377 0.147 657.152
20 16
1.821 0.911 344.526
11 3
1.674 1.696 892.750
28 24
1.536 0.726 144.049
51 4
1.637 0.916 287.677
57 11
0.396 0.128 364.800
50 6
0.675 0.453 225.534
58 17
0.101 0.409 669.899
47 16
0.184 0.637 719.905
46 16
1.497 1.029 181.562
53 19
0.569 1.183 863.320
42 9
0.263 1.967 233.563
18 4
0.257 1.893 826.967
35 17
1.446 1.894 531.829
29 28
0.925 0.947 976.860
52 27
1.854 0.350 183.809
35 24
0.019 0.628 98.970
19 16
0.734 0.668 225.853
5 2
0.501 1.871 910.880
45 6
0.746 1.315 39.353
56 28
0.414 0.978 662.214
13 2
1.505 1.789 798.757
25 15
0.126 0.707 249.156
40 29
1.449 0.866 415.505
44 9
1.624 1.844 514.125
14 11
0.752 0.587 874.850
32 10
1.866 1.640 673.385
14 13
0.705 0.483 917.840
48 23
1.177 0.264 233.046
